# $E {\rm (keV)}$ $\nu L_\nu {\rm (erg/s)}$ $\nu L_\nu {\rm (erg/s)}$_err
0.001077390992344729 6.817558680646163e+41
0.001244151708426391 8.851319079804551e+41
0.0014367239791114083 1.409688626513789e+42
0.0016591029680492076 2.1393733165154163e+42
0.0019159022182480346 3.292162464302414e+42
0.0022124493660594007 3.987160699281765e+42
0.002554896669963008 4.052069722047284e+42
0.00295034864721637 4.484017764786862e+42
0.003407009466358378 5.491972891428317e+42
0.0039343531534171 5.367766804518335e+42
0.004543320142972228 4.5353819590057376e+42
0.005246544251781062 3.7155991962177224e+42
0.006058614783832803 4.3322006225557494e+42
0.006996379204543336 4.051535154815226e+42
0.008079292663462606 1.680388598466474e+42
0.009329821616800328 3.2661540642783324e+42
0.010773909923447293 5.583335877321064e+42
0.012441517084263911 6.111909106454874e+42
0.014367239791114081 6.853088040779216e+42
0.016591029680492076 8.560430563223013e+42
0.019159022182480345 7.941897570711765e+42
0.022124493660594005 5.1923325132513097e+42
0.025548966699630082 4.6083256233358794e+42
0.029503486472163703 8.844386208961677e+42
0.03407009466358378 7.806440963848325e+42
0.039343531534171 8.426205205697341e+42
0.045433201429722264 1.0053270183259183e+43
0.052465442517810615 1.191627820405902e+43
0.060586147838328025 1.2418443932377125e+43
0.06996379204543336 1.465184336445091e+43
0.08079292663462606 1.5560011932298439e+43
0.09329821616800327 1.4081214015931034e+43
0.10773909923447292 1.81772891630436e+43
0.12441517084263912 2.2296280689699857e+43
0.14367239791114078 1.5790152350393725e+43
0.16591029680492075 2.985526343399638e+42
0.19159022182480345 2.63200180102983e+41
0.22124493660594005 9.54139307365602e+40
0.2554896669963008 1.637661758039587e+41
0.2950348647216371 4.080291674017439e+40
0.34070094663583783 8.934252523140498e+40
0.39343531534171 4.370590942824347e+40
0.4543320142972227 2.7988614283776547e+40
0.5246544251781061 5.740597594222852e+40
0.6058614783832803 5.844242799319086e+40
0.6996379204543337 3.9236932501546755e+39
0.8079292663462606 2.066737754227205e+38
0.9329821616800327 5.668348866238664e+40
