# $E {\rm (keV)}$ $\nu L_\nu {\rm (erg/s)}$ $\nu L_\nu {\rm (erg/s)}$_err
0.001077390992344729 6.782745172234714e+41
0.001244151708426391 8.836845019197532e+41
0.0014367239791114083 1.4039092300075173e+42
0.0016591029680492076 2.1334304399905525e+42
0.0019159022182480346 3.2819905999803346e+42
0.0022124493660594007 3.975329493800126e+42
0.002554896669963008 4.039687270188188e+42
0.00295034864721637 4.4713762513570865e+42
0.003407009466358378 5.47504381351599e+42
0.0039343531534171 5.3513512112911435e+42
0.004543320142972228 4.523272555785244e+42
0.005246544251781062 3.702033676281661e+42
0.006058614783832803 4.3021852709838046e+42
0.006996379204543336 3.9711551917176553e+42
0.008079292663462606 1.6028490747903486e+42
0.009329821616800328 3.1082687442604826e+42
0.010773909923447293 5.325583908936514e+42
0.012441517084263911 5.849412507288895e+42
0.014367239791114081 6.501905571984587e+42
0.016591029680492076 7.904339485570594e+42
0.019159022182480345 6.217609164109849e+42
0.022124493660594005 2.887882534350527e+42
0.025548966699630082 1.3367139388850766e+42
0.029503486472163703 3.797633983803515e+42
0.03407009466358378 1.5979108907794996e+42
0.039343531534171 4.265658431706473e+41
0.045433201429722264 3.49887608501572e+41
0.052465442517810615 4.529065425058058e+41
0.060586147838328025 2.9759740696560057e+41
0.06996379204543336 1.2405155951289625e+41
0.08079292663462606 1.787234921148192e+41
0.09329821616800327 5.077667367029594e+40
0.10773909923447292 1.727893997872532e+40
0.12441517084263912 4.3537015359808725e+40
0.14367239791114078 3.521859964553425e+39
0.16591029680492075 4.868907838539873e+40
0.19159022182480345 4.200583054693317e+40
0.22124493660594005 1.2233650388260315e+35
0.2554896669963008 1.0211186973659248e+35
0.2950348647216371 1.169953037995457e+35
0.34070094663583783 2.7365398868973276e+39
0.39343531534171 8.261863945212699e+39
0.4543320142972227 1.836715110160894e+35
0.5246544251781061 1.955911144987073e+35
0.6058614783832803 2.2529812090284933e+35
0.6996379204543337 2.232097048651274e+35
0.8079292663462606 2.0759695519663227e+35
0.9329821616800327 3.2538967667295637e+35
