1.105763829314294379e-04 3.223901710169732718e+39 8.707452200891691587e+37
1.339663463125329154e-04 3.564076363459736331e+39 1.324312766919360475e+38
1.623039338830496215e-04 6.260023472057698295e+39 1.326062056915043010e+38
1.966357050035403187e-04 1.205713093259040858e+40 3.037662379336349460e+38
2.382295952857209841e-04 2.083563877548573048e+40 4.319779076742871297e+38
2.886217437925458107e-04 3.967704100944570285e+40 8.618125332706147174e+38
3.496732254862833971e-04 6.868361966880694916e+40 1.461091911700769514e+39
4.236387841585033203e-04 1.241547923898903035e+41 2.154489054095600802e+39
5.132501042758134957e-04 2.139467037742974758e+41 3.476686331931236973e+39
6.218166971241551391e-04 3.998593050082604817e+41 6.921184915454243261e+39
7.533481271629898120e-04 7.309857680783781237e+41 1.823650938943016186e+40
9.127020926340092318e-04 1.219919492874677163e+42 2.558230517988168375e+40
1.105763829314294162e-03 2.037344485505056171e+42 3.102807753985862331e+40
1.339663463125328720e-03 3.591916489111537609e+42 6.590303520117417558e+40
1.623039338830495944e-03 6.554062863837552360e+42 5.214969062075423239e+41
1.966357050035403078e-03 1.018405222286220405e+43 3.352356991245949038e+41
2.382295952857209787e-03 1.664450841482209812e+43 6.282833213865600994e+41
2.886217437925457565e-03 2.467512053549233697e+43 6.705616516570178810e+41
3.496732254862832887e-03 3.847213392203864211e+43 1.942663530019092151e+42
4.236387841585032878e-03 5.341879723298493905e+43 1.559727205974753086e+42
5.132501042758134957e-03 7.343867426741987322e+43 2.756547060600193512e+42
6.218166971241551391e-03 9.070655627061259169e+43 2.852356443371661748e+42
7.533481271629897252e-03 1.090216156400967461e+44 4.484974116701481423e+42
9.127020926340091017e-03 1.086020689435092664e+44 3.666920708305086250e+42
1.105763829314293858e-02 1.041941346758803053e+44 3.267443841350385086e+42
1.339663463125328330e-02 9.170594110661213226e+43 3.188492652078176003e+42
1.623039338830496031e-02 6.749740830708498682e+43 2.210256213058612967e+42
1.966357050035402732e-02 4.665993930994877561e+43 1.965140826601003924e+42
2.382295952857209353e-02 2.437061406505041638e+43 1.034217257825859336e+42
2.886217437925457652e-02 1.300301391934436468e+43 7.197104122866337396e+41
3.496732254862831846e-02 6.009143770221838547e+42 3.242655077206814903e+41
4.236387841585032010e-02 2.082840967067033538e+42 1.288498100130320863e+41
5.132501042758134957e-02 6.664891334397656895e+41 4.425804682612456984e+40
6.218166971241549656e-02 1.848808407518396750e+41 1.834996484512446190e+40
7.533481271629896558e-02 3.757825485649536125e+40 4.756961555113673423e+39
9.127020926340091711e-02 5.374769972728121025e+39 5.180114078074061449e+38
1.105763829314293789e-01 9.928626445255791129e+38 1.093397663863092357e+38
1.339663463125328469e-01 2.164718970200318916e+38 1.146397819741812293e+37
1.623039338830495892e-01 1.256653704338090047e+38 5.878261871069728310e+36
1.966357050035402732e-01 8.523479980158298318e+37 3.570147878909503840e+36
2.382295952857209076e-01 6.384856005050565469e+37 3.400916818985336588e+36
2.886217437925457929e-01 4.729675709347312866e+37 2.021127041720491314e+36
3.496732254862832678e-01 3.666211748648905282e+37 1.683585693909299714e+36
4.236387841585031455e-01 3.165964036422486730e+37 1.685459078302816519e+36
5.132501042758134124e-01 2.589988689134007674e+37 1.603275492152226457e+36
6.218166971241549934e-01 2.493752416428325680e+37 1.842348319779746062e+36
7.533481271629894893e-01 2.566589320149688422e+37 2.333601631734211708e+36
9.127020926340090323e-01 2.296518253391699331e+37 1.999112747705120201e+36
