# $E {\rm (keV)}$ $\nu L_\nu {\rm (erg/s)}$ $\nu L_\nu {\rm (erg/s)}$_err
0.001077390992344729 3.271101362027562e+42 
0.001244151708426391 2.9974369396032986e+42 
0.0014367239791114083 4.4173164365784344e+42 
0.0016591029680492076 6.551552531849978e+42 
0.0019159022182480346 1.0556001600641013e+43 
0.0022124493660594007 1.367940207352063e+43 
0.002554896669963008 1.841326466156372e+43 
0.00295034864721637 2.630182151173077e+43 
0.003407009466358378 3.5317606598196684e+43 
0.0039343531534171 4.919622245812167e+43 
0.004543320142972228 6.037715340601129e+43 
0.005246544251781062 7.460465388671804e+43 
0.006058614783832803 9.282764090731763e+43 
0.006996379204543336 1.0181653677243582e+44 
0.008079292663462606 1.1721640556962197e+44 
0.009329821616800328 1.067873270737588e+44 
0.010773909923447293 1.148557252566616e+44 
0.012441517084263911 1.0214980291389256e+44 
0.014367239791114081 9.04503751465058e+43 
0.016591029680492076 6.44128004222851e+43 
0.019159022182480345 5.006844164553659e+43 
0.022124493660594005 3.2454586197961967e+43 
0.025548966699630082 1.9160348174698428e+43 
0.029503486472163703 1.0640080124572686e+43 
0.03407009466358378 6.434800732519444e+42 
0.039343531534171 2.7707600778492267e+42 
0.045433201429722264 1.2806590186635556e+42 
0.052465442517810615 6.671885204026567e+41 
0.060586147838328025 2.2250999473889834e+41 
0.06996379204543336 7.978717099314951e+40 
0.08079292663462606 1.930135171176131e+40 
0.09329821616800327 5.289431981123952e+39 
0.10773909923447292 1.0137246379293457e+39 
0.12441517084263912 3.1793328299361535e+38 
0.14367239791114078 1.5113194773186398e+38 
0.16591029680492075 1.2778887279843788e+38 
0.19159022182480345 7.75698212384056e+37 
0.22124493660594005 6.06312089508022e+37 
0.2554896669963008 5.274434493499875e+37 
0.2950348647216371 3.516242565476541e+37 
0.34070094663583783 3.7663125576476834e+37 
0.39343531534171 2.636087074711767e+37 
0.4543320142972227 2.497607671521801e+37 
0.5246544251781061 2.549867455028901e+37 
0.6058614783832803 2.1034095808368928e+37 
0.6996379204543337 1.9407424022197398e+37 
0.8079292663462606 1.8400492586939196e+37 
0.9329821616800327 2.131534419299966e+37 
