# $E {\rm (keV)}$ $\nu L_\nu {\rm (erg/s)}$ $\nu L_\nu {\rm (erg/s)}$_err
0.001077390992344729 7.146092901278974e+41 
0.001244151708426391 1.1517209949187581e+42 
0.0014367239791114083 1.4821991796716014e+42 
0.0016591029680492076 2.1992524621031142e+42 
0.0019159022182480346 3.307441516322235e+42 
0.0022124493660594007 3.983526357058754e+42 
0.002554896669963008 3.935212672013128e+42 
0.00295034864721637 4.3833433294904594e+42 
0.003407009466358378 5.4904575761298236e+42 
0.0039343531534171 5.352608239588855e+42 
0.004543320142972228 4.538635642115029e+42 
0.005246544251781062 4.0004393578855125e+42 
0.006058614783832803 4.8294391260766164e+42 
0.006996379204543336 3.780496840142663e+42 
0.008079292663462606 1.9232273717273207e+42 
0.009329821616800328 5.893137611977578e+42 
0.010773909923447293 3.858972402002111e+42 
0.012441517084263911 8.118836623331867e+42 
0.014367239791114081 8.93089547254074e+42 
0.016591029680492076 1.0053312921202918e+43 
0.019159022182480345 5.921206106250574e+42 
0.022124493660594005 6.014181891745575e+42 
0.025548966699630082 5.988031766400119e+42 
0.029503486472163703 8.39530376308422e+42 
0.03407009466358378 8.075677534379242e+42 
0.039343531534171 9.032464947368796e+42 
0.045433201429722264 1.101655327790491e+43 
0.052465442517810615 1.1861126591305058e+43 
0.060586147838328025 1.2419364231743787e+43 
0.06996379204543336 1.4281411426543477e+43 
0.08079292663462606 1.4227033527637663e+43 
0.09329821616800327 1.4207030693926679e+43 
0.10773909923447292 1.835888070537046e+43 
0.12441517084263912 2.2205160966323613e+43 
0.14367239791114078 1.4842120407059683e+43 
0.16591029680492075 2.7904685948516476e+42 
0.19159022182480345 1.535995851424057e+41 
0.22124493660594005 1.0016480638181882e+41 
0.2554896669963008 5.648070979340182e+40 
0.2950348647216371 6.959858682117225e+40 
0.34070094663583783 6.43320549856519e+40 
0.39343531534171 7.303546596604148e+40 
0.4543320142972227 4.527707930397448e+40 
0.5246544251781061 6.451564484013714e+40 
0.6058614783832803 9.656726897117953e+39 
0.6996379204543337 7.494594465315369e+39 
0.8079292663462606 1.2797410829203738e+40 
0.9329821616800327 2.164975908957761e+41 
