# $E {\rm (keV)}$ $\nu L_\nu {\rm (erg/s)}$ $\nu L_\nu {\rm (erg/s)}$_err
0.001077390992344729 2.2189025666404923e+39 
0.001244151708426391 2.12781693717025e+39 
0.0014367239791114083 5.291802527469324e+39 
0.0016591029680492076 6.224599082019772e+39 
0.0019159022182480346 1.0626543184105624e+40 
0.0022124493660594007 1.2280040255625967e+40 
0.002554896669963008 1.3810380034638215e+40 
0.00295034864721637 1.3362571522235698e+40 
0.003407009466358378 1.7519589074920393e+40 
0.0039343531534171 1.6131930926322475e+40 
0.004543320142972228 1.2552971521677195e+40 
0.005246544251781062 1.171703339534413e+40 
0.006058614783832803 3.409383036938322e+40 
0.006996379204543336 1.3406504664987777e+41 
0.008079292663462606 5.491068191388966e+40 
0.009329821616800328 1.351678442865227e+41 
0.010773909923447293 2.0245697414934066e+41 
0.012441517084263911 3.0716100527475857e+41 
0.014367239791114081 3.7342890251458885e+41 
0.016591029680492076 6.342841586049793e+41 
0.019159022182480345 1.7800827888665314e+42 
0.022124493660594005 2.4228153439812228e+42 
0.025548966699630082 3.39929667571262e+42 
0.029503486472163703 4.597233720422951e+42 
0.03407009466358378 6.163598004118809e+42 
0.039343531534171 8.162176268340651e+42 
0.045433201429722264 9.278180434271883e+42 
0.052465442517810615 1.1482930320490439e+43 
0.060586147838328025 1.207716118511827e+43 
0.06996379204543336 1.415786962435481e+43 
0.08079292663462606 1.4162758318320485e+43 
0.09329821616800327 1.416389242333028e+43 
0.10773909923447292 1.8298097705640975e+43 
0.12441517084263912 2.2186760440944787e+43 
0.14367239791114078 1.4837482077330329e+43 
0.16591029680492075 2.7904684521167204e+42 
0.19159022182480345 1.5359944521556726e+41 
0.22124493660594005 1.0016467025295798e+41 
0.2554896669963008 5.648054938162139e+40 
0.2950348647216371 6.636961430492992e+40 
0.34070094663583783 6.433194806706959e+40 
0.39343531534171 5.850565790759357e+40 
0.4543320142972227 4.527691719047699e+40 
0.5246544251781061 6.451543425654182e+40 
0.6058614783832803 8.732493615965729e+39 
0.6996379204543337 7.494390515132058e+39 
0.8079292663462606 1.2797079921754286e+40 
0.9329821616800327 2.1649734106236535e+41 
