0.0011057638293142944 1.94352423186229e+42
0.001339663463125329 3.2362965122374935e+42
0.001623039338830496 4.061650460338736e+42
0.001966357050035403 3.911068524446801e+42
0.0023822959528572102 6.020016280243927e+42
0.002886217437925458 6.45919898353272e+42
0.003496732254862833 7.716105790009857e+42
0.004236387841585033 3.2917764935173344e+42
0.005132501042758135 4.6194650744080164e+42
0.006218166971241551 3.9324618734816285e+42
0.007533481271629897 2.5148468586106496e+42
0.009127020926340091 6.343885246456073e+42
0.011057638293142942 4.49137514733177e+42
0.013396634631253287 9.846248094269743e+42
0.01623039338830496 7.454411242915826e+42
0.01966357050035403 4.451384559480286e+42
0.023822959528572094 3.109227993831552e+42
0.028862174379254577 2.2352769696760155e+42
0.03496732254862833 1.2169763660550005e+42
0.042363878415850334 1.1102335289701115e+43
0.05132501042758135 8.982950319508004e+41
0.06218166971241551 3.0247875274724887e+41
0.07533481271629897 1.827125360524934e+41
0.09127020926340092 6.042558007946468e+40
0.11057638293142938 7.288926039030064e+40
0.13396634631253285 1.15727977376899e+40
0.1623039338830496 5.1643263968789875e+40
0.19663570500354027 1.1099875664101224e+35
0.2382295952857209 1.0263005855664155e+35
0.2886217437925458 1.1809110712858482e+35
0.34967322548628327 1.2014072827938947e+35
0.42363878415850315 1.558719180967723e+35
0.5132501042758134 1.4875390383531884e+35
0.621816697124155 2.1707639097640967e+35
0.7533481271629895 2.1220889479240826e+35
0.912702092634009 2.5063708157307498e+35
1.1057638293142937 3.584489189965107e+35
1.3396634631253284 5.46743630043589e+35
1.623039338830496 5.950078980960711e+35
1.9663570500354026 8.36360298670479e+35
2.382295952857209 1.2416406081822354e+36
2.886217437925458 1.6584720766796828e+36
3.496732254862833 1.7490382641510186e+36
4.236387841585032 2.3994291782038693e+36
5.132501042758134 2.2410339650425913e+36
6.21816697124155 2.912853958733996e+36
7.533481271629896 2.696952929640687e+36
9.12702092634009 8.139983011485422e+35
