0.001077390992344729 7.123903875612569e+41
0.001244151708426391 1.149593177981588e+42
0.0014367239791114083 1.4769073771441323e+42
0.0016591029680492076 2.1930278630210945e+42
0.0019159022182480346 3.296814973138129e+42
0.0022124493660594007 3.971246316803128e+42
0.002554896669963008 3.92140229197849e+42
0.00295034864721637 4.369980757968223e+42
0.003407009466358378 5.472937987054903e+42
0.0039343531534171 5.336476308662533e+42
0.004543320142972228 4.5260826705933514e+42
0.005246544251781062 3.988722324490168e+42
0.006058614783832803 4.795345295707234e+42
0.006996379204543336 3.646431793492785e+42
0.008079292663462606 1.8683166898134317e+42
0.009329821616800328 5.757969767691055e+42
0.010773909923447293 3.656515427852767e+42
0.012441517084263911 7.811675618057107e+42
0.014367239791114081 8.557466570026153e+42
0.016591029680492076 9.419028762597946e+42
0.019159022182480345 4.1411233173840436e+42
0.022124493660594005 3.591366547764351e+42
0.025548966699630082 2.5887350906874985e+42
0.029503486472163703 3.7980700426612685e+42
0.03407009466358378 1.912079530260433e+42
0.039343531534171 8.702886790281472e+41
0.045433201429722264 1.738372843633027e+42
0.052465442517810615 3.7819627081462524e+41
0.060586147838328025 3.422030466255166e+41
0.06996379204543336 1.235418021886702e+41
0.08079292663462606 6.427520931718139e+40
0.09329821616800327 4.313827059639475e+40
0.10773909923447292 6.078299972948357e+40
0.12441517084263912 1.8400525378822557e+40
0.14367239791114078 4.6383297293518877e+39
0.16591029680492075 1.4273492752928239e+35
0.19159022182480345 1.3992683847104796e+35
0.22124493660594005 1.3612886085644237e+35
0.2554896669963008 1.6041178042314965e+35
0.2950348647216371 3.228972516242328e+39
0.34070094663583783 1.0691858231159819e+35
0.39343531534171 1.4529808058447937e+40
0.4543320142972227 1.6211349750544421e+35
0.5246544251781061 2.105835953071206e+35
0.6058614783832803 9.242332811522235e+38
0.6996379204543337 2.0395018331438355e+35
0.8079292663462606 3.3090744945122405e+35
0.9329821616800327 2.4983341076795604e+35
