# $E {\rm (keV)}$ $\nu L_\nu {\rm (erg/s)}$ $\nu L_\nu {\rm (erg/s)}$_err
0.0011294627058970838 nan
0.0014219093021276405 nan
0.0017900777537149968 nan
0.00225357437323923 nan
0.0028370820458389796 nan
0.003571674682851676 nan
0.004496472020903849 nan
0.005660722890537328 nan
0.007126427896022374 nan
0.008971641173621408 nan
0.011294627058970837 nan
0.014219093021276408 nan
0.01790077753714997 nan
0.022535743732392303 nan
0.0283708204583898 nan
0.03571674682851676 nan
0.044964720209038495 nan
0.056607228905373286 nan
0.07126427896022375 nan
0.08971641173621409 nan
