2.673725988113865625e+13 1.360939118632095902e+38
3.239292986194000391e+13 1.326711502194086737e+38
3.924493047175625781e+13 2.307855831251791484e+38
4.754631872748860156e+13 3.798214381437995227e+38
5.760368020432286719e+13 6.277220661488121143e+38
6.978845180633326562e+13 1.026343190099755157e+39
8.455063961624103125e+13 1.977806218120329537e+39
1.024354384498140469e+14 2.732472868635584489e+39
1.241033669056961094e+14 5.141321114312608113e+39
1.503546615351826562e+14 7.679555103954943152e+39
1.821588310536137188e+14 1.283579590847803821e+40
2.206904620849052500e+14 2.678580665902131133e+40
2.673725988113865000e+14 3.483540213837331883e+40
3.239292986194000000e+14 5.933108202970989080e+40
3.924493047175625000e+14 8.776288581972894611e+40
4.754631872748860000e+14 1.526101542130330410e+41
5.760368020432286250e+14 2.768399426018292535e+41
6.978845180633325000e+14 2.999363498040171399e+41
8.455063961624101250e+14 5.020312488911352503e+41
1.024354384498140375e+15 7.191865960227150452e+41
1.241033669056961000e+15 1.440713527632085472e+42
1.503546615351826500e+15 2.085182502180220076e+42
1.821588310536136750e+15 1.966086760129995535e+42
2.206904620849052000e+15 2.611615908885074727e+42
2.673725988113864000e+15 5.149044610479188619e+42
3.239292986193999000e+15 7.246633691581731351e+42
3.924493047175625000e+15 9.956880662465610224e+42
4.754631872748859000e+15 1.349556010337358932e+43
5.760368020432285000e+15 1.465794165091564246e+43
6.978845180633325000e+15 2.210984721388796239e+43
8.455063961624099000e+15 2.372242498222668881e+43
1.024354384498140000e+16 2.569378484342769576e+43
1.241033669056960800e+16 2.268307878407243665e+43
1.503546615351826000e+16 2.501960011861815928e+43
1.821588310536136400e+16 2.448820170527906970e+43
2.206904620849052000e+16 2.299390164544045518e+43
2.673725988113864000e+16 1.759139944906275928e+43
3.239292986193999200e+16 1.542414288188245292e+43
3.924493047175625600e+16 1.591478145589247025e+43
4.754631872748859200e+16 1.035988345012035366e+43
5.760368020432284800e+16 6.480300978334291319e+42
6.978845180633325600e+16 4.180578770029766553e+42
8.455063961624099200e+16 2.972890979888928003e+42
1.024354384498140160e+17 1.324308495075181670e+42
1.241033669056960960e+17 7.449940852286998299e+41
1.503546615351825920e+17 2.242796838383317716e+41
1.821588310536136320e+17 1.423504486384441592e+41
2.206904620849052160e+17 3.427032224736904178e+40
