0.0011057638293142944 3.6346219063679107e+40 3.4993567609691704e+40
0.001339663463125329 1.2273571091356684e+40 1.0416230356520129e+40
0.001623039338830496 7.232730555943281e+40 5.739583591806743e+40
0.001966357050035403 2.23018109913135e+41 1.2456481638263885e+41
0.0023822959528572102 3.475262495753066e+41 1.9781505918776854e+41
0.002886217437925458 1.5091561938278578e+41 6.599411523777527e+40
0.003496732254862833 4.454235158594359e+41 2.8245089118342553e+41
0.004236387841585033 1.419598638417061e+42 9.320568979349958e+41
0.005132501042758135 2.989774742215681e+42 1.6227980703309125e+42
0.006218166971241551 2.90859743738077e+42 1.411251897582226e+42
0.007533481271629897 8.924079159015832e+42 7.230135379400575e+42
0.009127020926340091 6.333609824041583e+41 5.56237058894129e+41
0.011057638293142942 1.6698252407573996e+44 1.6687348031302647e+44
0.013396634631253287 5.401450923676775e+40 2.709010633869028e+40
0.01623039338830496 1.7100929090076964e+43 1.6882885512413447e+43
0.01966357050035403 2.5027970077987353e+42 1.8317277053424035e+42
0.023822959528572094 9.526462289503229e+42 9.485431973162652e+42
0.028862174379254577 2.3223791481043258e+42 1.6743022536287057e+42
0.03496732254862833 4.747025936847715e+41 4.2974504352614805e+41
0.042363878415850334 1.9462260823492944e+44 1.9457692588156846e+44
0.05132501042758135 2.4782445758352223e+43 2.0742475289061616e+43
0.06218166971241551 1.5381565036840351e+44 1.2304038016826301e+44
0.07533481271629897 4.183055490280962e+42 2.0891590044270583e+42
0.09127020926340092 1.3000484274023218e+44 1.080161231010215e+44
0.11057638293142938 1.3315550094999673e+44 8.751805920867148e+43
0.13396634631253285 5.817353896208603e+43 3.4832272609777657e+43
0.1623039338830496 9.875643360053037e+42 6.481820552934779e+42
0.19663570500354027 3.0478729345953845e+43 1.7383881339756927e+43
0.2382295952857209 1.937579450568398e+44 1.8739179860082072e+44
0.2886217437925458 8.328978605999162e+41 6.800432133993362e+41
0.34967322548628327 1.579845667357488e+45 1.570724564777668e+45
0.42363878415850315 1.202434645606943e+41 3.8910502927497023e+40
0.5132501042758134 7.826575251017408e+40 2.8027317676369486e+40
0.621816697124155 2.1788800914527035e+42 2.060241783423343e+42
0.7533481271629895 7.333787093495515e+43 7.288331862293044e+43
0.912702092634009 2.6112752244817036e+44 2.4995034988160186e+44
1.1057638293142937 3.305278744534298e+43 1.6718728377399317e+43
1.3396634631253284 1.475577760287842e+41 9.148451010281575e+40
1.623039338830496 1.4216196833552866e+43 1.395948012734378e+43
1.9663570500354026 7.476277418473527e+42 7.18475628374389e+42
2.382295952857209 1.5134905782317595e+42 1.4626300345463907e+42
2.886217437925458 1.4415279223326498e+41 6.088501272765224e+40
3.496732254862833 3.039446546873717e+42 2.390864878668037e+42
4.236387841585032 1.3515531711382992e+42 1.2378130243630082e+42
5.132501042758134 2.315031419517762e+43 1.2745510897656848e+43
6.21816697124155 1.6077363174390532e+45 1.0074226949044156e+45
7.533481271629896 3.3112228818223775e+44 1.2285462176623454e+44
9.12702092634009 1.4456512046303763e+44 7.813476481934095e+43
