# $E {\rm (keV)}$ $\nu L_\nu {\rm (erg/s)}$ $\nu L_\nu {\rm (erg/s)}$_err
0.001077390992344729 2.60191554207418e+34 
0.001244151708426391 3.8486127030857594e+34 
0.0014367239791114083 5.617333743082965e+34 
0.0016591029680492076 8.176049782607447e+34 
0.0019159022182480346 1.1701278129383179e+35 
0.0022124493660594007 1.686769235789732e+35 
0.002554896669963008 2.409204040344069e+35 
0.00295034864721637 3.3812918380780066e+35 
0.003407009466358378 4.74788718331928e+35 
0.0039343531534171 6.6082245233404606e+35 
0.004543320142972228 9.07813324355167e+35 
0.005246544251781062 1.2211152558026802e+36 
0.006058614783832803 1.6477852054206434e+36 
0.006996379204543336 2.1899425724212716e+36 
0.008079292663462606 2.842819720563057e+36 
0.009329821616800328 3.6312569759274536e+36 
0.010773909923447293 4.536351570035044e+36 
0.012441517084263911 5.562081920484337e+36 
0.014367239791114081 6.655125885492624e+36 
0.016591029680492076 7.653283938170659e+36 
0.019159022182480345 8.493142155038759e+36 
0.022124493660594005 9.048203810334976e+36 
0.025548966699630082 9.221121592681703e+36 
0.029503486472163703 8.809476513075712e+36 
0.03407009466358378 7.863616875161966e+36 
0.039343531534171 6.505764968221738e+36 
0.045433201429722264 4.8866451822109967e+36 
0.052465442517810615 3.3080788732265463e+36 
0.060586147838328025 1.986962641990367e+36 
0.06996379204543336 1.0193903107411368e+36 
0.08079292663462606 4.477892496742147e+35 
0.09329821616800327 1.6281263602992196e+35 
