# $E {\rm (keV)}$ $\nu L_\nu {\rm (erg/s)}$ $\nu L_\nu {\rm (erg/s)}$_err
0.0011057638293142944 2.3785996773886265e+31 
0.001339663463125329 3.3738199371572147e+31 
0.001623039338830496 6.093315174017675e+31 
0.001966357050035403 1.0694234972195633e+32 
0.0023822959528572102 1.8664701199706397e+32 
0.002886217437925458 3.242636163698558e+32 
0.003496732254862833 5.424818174914079e+32 
0.004236387841585033 9.03881266650559e+32 
0.005132501042758135 1.4930896107249808e+33 
0.006218166971241551 2.3891043969502706e+33 
0.007533481271629897 4.026957821187179e+33 
0.009127020926340091 6.835729957648896e+33 
0.011057638293142942 1.1156172329482463e+34 
0.013396634631253287 1.8846285191419066e+34 
0.01623039338830496 3.1272282391878512e+34 
0.01966357050035403 5.100124369056002e+34 
0.023822959528572094 8.552238149067645e+34 
0.028862174379254577 1.3874927653837557e+35 
0.03496732254862833 2.3324153013982378e+35 
0.042363878415850334 4.0257698221042454e+35 
0.05132501042758135 6.819491148129936e+35 
0.06218166971241551 1.1567857047627408e+36 
0.07533481271629897 2.006669296029241e+36 
0.09127020926340092 3.5049466977464164e+36 
0.11057638293142938 6.138559742328721e+36 
0.13396634631253285 1.1131360406668367e+37 
0.1623039338830496 1.9306657561794666e+37 
0.19663570500354027 3.2879545273358195e+37 
0.2382295952857209 5.862158653426512e+37 
0.2886217437925458 9.689733574539062e+37 
0.34967322548628327 1.6324650980797573e+38 
0.42363878415850315 2.6502885017548353e+38 
0.5132501042758134 4.0899893427685396e+38 
0.621816697124155 6.327574541686312e+38 
0.7533481271629895 9.814276508811837e+38 
0.912702092634009 1.385090042921814e+39 
1.1057638293142937 1.9701301599854933e+39 
1.3396634631253284 2.465503025983435e+39 
1.623039338830496 2.937923040583171e+39 
1.9663570500354026 2.9182750177751315e+39 
2.382295952857209 2.4468326185724317e+39 
2.886217437925458 1.6418326636880835e+39 
3.496732254862833 8.643425877481468e+38 
4.236387841585032 3.403200071685623e+38 
5.132501042758134 1.0465261905845544e+38 
6.21816697124155 2.6187816553774097e+37 
7.533481271629896 5.843765052027434e+36 
9.12702092634009 1.743436323707645e+36 